11111111111111111111111111111
11111001000010000001000011111
11111001000010000001000011111
11111001000010000001000011111
10000001100110000001000011111
10000000000000000001000000001
10000000000000000001000000001
10110000000000000001110001111
10000001111111111000000000001
10000001000000001000000000001
10000000000000000000000000001
10000000000000000000000000001
10000000000000000000000000001
10000001000000001000000111111
10000001111111111000000100001
10000000000000000000000000001
10000000000000000000000000001
11111000000000000000000000001
10000000000000000000000100001
10000000000000000000000100001
11111111111111100000000111111
10000000000000000000000000001
10000000000000000000000000001
10000000000000000000000000001
10000001000011111110000000001
10000000000000000000000000001
11111000000000000001000011111
11111000011000000000000011111
11111000000000000000000011111
11111111111111111111111111111



